Resultados Algoritmo Voraz:
Resultados Algoritmo Voraz:
Estrategia de Moderación: [0 1 1 0 0 0 0 1 0 0 0 0 1 1 1 0 0 1 1 1 1 0 0 0 0 0 0 0 0 1 1 0 0 0 0 1 1
 1 1 1 0 1 1 1 0 0 1 1 0 0 0 0 1 1 0 0 0 0 1 1 1 1 0 1 0 1 1 0 0 1 1 1 0 1
 0 1 1 1 1 0 0 0 0 0 1 1 1 0 0 1 0 0 0 1 1 1 1 0 0 1 1 0 1 1 0 1 1 0 1 1 1
 0 1 1 1 0 1 0 1 1 0 0 0 0 0 0 0 0 0 1 0 0 0 1 1 1 0 1 0 0 1 0 0 1 1 1 1 1
 0 0 1 0 0 0 1 0 1 1 0 0 0 1 0 0 1 0 0 1 0 0 1 0 1 1 1 1 1 0 1 0 1 1 1 0 0
 0 0 1 0 0 0 1 0 0 1 1 1 1 0 0 1 0 0 1 1 1 1 1 0 0 0 0 1 0 1 0 1 1 0 1 1 1
 1 0 1 1 0 0 0 0 1 1 1 1 0 1 1 0 0 0 1 1 1 1 1 1 0 0 1 0 1 0 0 1 1 1 0 0 0
 1 0 0 1 1 0 0 1 1 0 1 0 1 1 1 1 1 1 0 0 1 1 1 1 0 1 0 1 1 1 1 0 0 0 1 0 1
 0 1 1 0 1 0 1 0 1 1 1 0 1 1 1 1 0 0 1 0 0 0 1 1 0 1 1 0 0 0 1 1 1 1 1 0 0
 1 0 0 0 1 0 0 1 0 0 1 0 0 1 0 0 1 0 1 0 0 1 0 1 0 0 1 1 0 0 1 1 1 0 0 0 0
 1 0 1 1 1 0 0 1 0 0 0 0 1 1 1 1 0 1 1 1 1 0 1 0 0 1 1 0 0 1]
Agentes seleccionados: [370, 118, 240, 390, 259, 65, 271, 329, 191, 396, 18, 289, 293, 286, 225, 197, 137, 389, 181, 75, 204, 73, 337, 224, 39, 194, 280, 41, 282, 114, 385, 327, 144, 112, 298, 242, 135, 146, 13, 77, 106, 372, 304, 314, 306, 232, 99, 222, 274, 219, 250, 203, 1, 143, 287, 351, 140, 364, 279, 322, 84, 161, 295, 63, 100, 102, 356, 157, 236, 93, 35, 206, 78, 105, 235, 66, 196, 195, 241, 70, 129, 154, 255, 174, 220, 150, 205, 216, 273, 318, 300, 109, 30, 310, 7, 76, 46, 69, 116, 243, 399, 58, 221, 395, 388, 61, 254, 340, 321, 89, 383, 276, 119, 359, 29, 108, 37, 134, 281, 311, 330, 52, 133, 253, 266, 12, 182, 172, 302, 170, 212, 288, 113, 343, 275, 103, 374, 164, 262, 14, 85, 60, 17, 363, 187, 319, 297, 145, 200, 392, 382, 231, 309, 230, 36, 53, 267, 308, 244, 284, 42, 95, 384, 305, 59, 245, 217, 43, 2, 180, 110, 328, 19, 175, 346, 176, 354, 47, 248, 377, 349, 173, 326, 156, 263, 272, 20, 360, 94, 147, 233, 214, 178, 269, 387, 96, 167, 207, 333, 71, 86, 38, 365, 373]
Menor extremismo alcanzado: 1.4067004834007841
Esfuerzo total utilizado: 5401.0 / 5401
Tiempo de ejecución: 0.00319380 segundos


